燃气扩散模型/燃气扩散模型/bin/Debug/gasConcentration2DArray.txt
ncols              100
nrows             100
xllcorner        120
yllcorner        30
[rows 16 to 31 of 100, columns 0 to 34 of 100]
(120.00597,30.00454)0.01063 (120.00606,30.00459)0.01063 (120.00615,30.00463)0.01063 (120.00624,30.00468)0.01063 (120.00633,30.00472)0.01063 (120.00642,30.00477)0.01063 (120.00651,30.00481)0.01063 (120.00660,30.00486)0.01063 (120.00669,30.00490)0.01063 (120.00678,30.00495)0.01063 (120.00687,30.00499)0.01063 (120.00696,30.00504)0.01063 (120.00705,30.00508)0.01063 (120.00714,30.00513)0.01063 (120.00723,30.00517)0.01063 (120.00732,30.00522)0.01063 (120.00740,30.00526)0.01063 (120.00749,30.00531)0.01063 (120.00758,30.00535)0.01063 (120.00767,30.00540)0.01063 (120.00776,30.00544)0.01063 (120.00785,30.00548)0.01063 (120.00794,30.00553)0.01063 (120.00803,30.00557)0.01063 (120.00812,30.00562)0.01063 (119.99917,30.00125)0.00998 (119.99926,30.00129)0.00998 (119.99935,30.00134)0.00998 (119.99944,30.00138)0.00998 (119.99953,30.00143)0.00998 (119.99962,30.00147)0.00998 (119.99971,30.00152)0.00998 (119.99980,30.00156)0.00998 (119.99989,30.00161)0.00998 (119.99998,30.00165)0.00998
(120.00591,30.00462)0.00998 (120.00600,30.00466)0.00998 (120.00609,30.00471)0.00998 (120.00618,30.00475)0.00998 (120.00627,30.00480)0.00998 (120.00636,30.00484)0.00998 (120.00645,30.00489)0.00998 (120.00654,30.00493)0.00998 (120.00663,30.00498)0.00998 (120.00672,30.00502)0.00998 (120.00681,30.00507)0.00998 (120.00690,30.00511)0.00998 (120.00699,30.00516)0.00998 (120.00708,30.00520)0.00998 (120.00717,30.00525)0.00998 (120.00726,30.00529)0.00998 (120.00735,30.00534)0.00998 (120.00744,30.00538)0.00998 (120.00753,30.00543)0.00998 (120.00762,30.00547)0.00998 (120.00771,30.00552)0.00998 (120.00780,30.00556)0.00998 (120.00789,30.00561)0.00998 (120.00798,30.00565)0.00998 (120.00807,30.00570)0.00998 (119.99912,30.00132)0.00941 (119.99921,30.00137)0.00941 (119.99930,30.00141)0.00941 (119.99939,30.00146)0.00941 (119.99948,30.00150)0.00941 (119.99957,30.00155)0.00941 (119.99966,30.00159)0.00941 (119.99975,30.00164)0.00941 (119.99984,30.00168)0.00941 (119.99993,30.00173)0.00941
(120.00586,30.00470)0.00941 (120.00595,30.00474)0.00941 (120.00604,30.00479)0.00941 (120.00613,30.00483)0.00941 (120.00622,30.00488)0.00941 (120.00631,30.00492)0.00941 (120.00640,30.00497)0.00941 (120.00649,30.00501)0.00941 (120.00658,30.00506)0.00941 (120.00667,30.00510)0.00941 (120.00676,30.00515)0.00941 (120.00685,30.00519)0.00941 (120.00694,30.00524)0.00941 (120.00703,30.00528)0.00941 (120.00712,30.00533)0.00941 (120.00721,30.00537)0.00941 (120.00730,30.00542)0.00941 (120.00739,30.00546)0.00941 (120.00748,30.00551)0.00941 (120.00757,30.00555)0.00941 (120.00766,30.00560)0.00941 (120.00775,30.00564)0.00941 (120.00784,30.00569)0.00941 (120.00793,30.00573)0.00941 (120.00802,30.00578)0.00941 (119.99907,30.00140)0.00891 (119.99916,30.00145)0.00891 (119.99925,30.00149)0.00891 (119.99934,30.00154)0.00891 (119.99943,30.00158)0.00891 (119.99952,30.00163)0.00891 (119.99960,30.00167)0.00891 (119.99969,30.00172)0.00891 (119.99978,30.00176)0.00891 (119.99987,30.00181)0.00891
(120.00581,30.00477)0.00891 (120.00590,30.00482)0.00891 (120.00599,30.00486)0.00891 (120.00608,30.00491)0.00891 (120.00617,30.00495)0.00891 (120.00626,30.00500)0.00891 (120.00635,30.00504)0.00891 (120.00644,30.00509)0.00891 (120.00653,30.00513)0.00891 (120.00662,30.00518)0.00891 (120.00671,30.00522)0.00891 (120.00680,30.00527)0.00891 (120.00689,30.00531)0.00891 (120.00698,30.00536)0.00891 (120.00707,30.00540)0.00891 (120.00716,30.00545)0.00891 (120.00725,30.00549)0.00891 (120.00734,30.00554)0.00891 (120.00743,30.00558)0.00891 (120.00752,30.00563)0.00891 (120.00761,30.00567)0.00891 (120.00770,30.00572)0.00891 (120.00779,30.00576)0.00891 (120.00788,30.00581)0.00891 (120.00797,30.00585)0.00891 (119.99901,30.00148)0.00845 (119.99910,30.00152)0.00845 (119.99919,30.00157)0.00845 (119.99928,30.00161)0.00845 (119.99937,30.00166)0.00845 (119.99946,30.00170)0.00845 (119.99955,30.00175)0.00845 (119.99964,30.00179)0.00845 (119.99973,30.00184)0.00845 (119.99982,30.00188)0.00845
(120.00576,30.00485)0.00845 (120.00585,30.00490)0.00845 (120.00594,30.00494)0.00845 (120.00603,30.00499)0.00845 (120.00612,30.00503)0.00845 (120.00621,30.00508)0.00845 (120.00630,30.00512)0.00845 (120.00639,30.00517)0.00845 (120.00648,30.00521)0.00845 (120.00657,30.00526)0.00845 (120.00666,30.00530)0.00845 (120.00675,30.00535)0.00845 (120.00684,30.00539)0.00845 (120.00693,30.00544)0.00845 (120.00702,30.00548)0.00845 (120.00711,30.00553)0.00845 (120.00720,30.00557)0.00845 (120.00729,30.00562)0.00845 (120.00738,30.00566)0.00845 (120.00747,30.00571)0.00845 (120.00756,30.00575)0.00845 (120.00765,30.00580)0.00845 (120.00774,30.00584)0.00845 (120.00783,30.00589)0.00845 (120.00792,30.00593)0.00845 (119.99896,30.00156)0.00805 (119.99905,30.00160)0.00805 (119.99914,30.00165)0.00805 (119.99923,30.00169)0.00805 (119.99932,30.00174)0.00805 (119.99941,30.00178)0.00805 (119.99950,30.00183)0.00805 (119.99959,30.00187)0.00805 (119.99968,30.00192)0.00805 (119.99977,30.00196)0.00805
(120.00571,30.00493)0.00805 (120.00580,30.00498)0.00805 (120.00589,30.00502)0.00805 (120.00598,30.00507)0.00805 (120.00607,30.00511)0.00805 (120.00616,30.00515)0.00805 (120.00625,30.00520)0.00805 (120.00634,30.00524)0.00805 (120.00643,30.00529)0.00805 (120.00652,30.00533)0.00805 (120.00661,30.00538)0.00805 (120.00670,30.00542)0.00805 (120.00679,30.00547)0.00805 (120.00688,30.00551)0.00805 (120.00697,30.00556)0.00805 (120.00706,30.00560)0.00805 (120.00715,30.00565)0.00805 (120.00724,30.00569)0.00805 (120.00733,30.00574)0.00805 (120.00742,30.00578)0.00805 (120.00751,30.00583)0.00805 (120.00760,30.00587)0.00805 (120.00768,30.00592)0.00805 (120.00777,30.00596)0.00805 (120.00786,30.00601)0.00805 (119.99891,30.00164)0.00768 (119.99900,30.00168)0.00768 (119.99909,30.00173)0.00768 (119.99918,30.00177)0.00768 (119.99927,30.00182)0.00768 (119.99936,30.00186)0.00768 (119.99945,30.00191)0.00768 (119.99954,30.00195)0.00768 (119.99963,30.00200)0.00768 (119.99972,30.00204)0.00768
(120.00565,30.00501)0.00768 (120.00574,30.00505)0.00768 (120.00583,30.00510)0.00768 (120.00592,30.00514)0.00768 (120.00601,30.00519)0.00768 (120.00610,30.00523)0.00768 (120.00619,30.00528)0.00768 (120.00628,30.00532)0.00768 (120.00637,30.00537)0.00768 (120.00646,30.00541)0.00768 (120.00655,30.00546)0.00768 (120.00664,30.00550)0.00768 (120.00673,30.00555)0.00768 (120.00682,30.00559)0.00768 (120.00691,30.00564)0.00768 (120.00700,30.00568)0.00768 (120.00709,30.00573)0.00768 (120.00718,30.00577)0.00768 (120.00727,30.00582)0.00768 (120.00736,30.00586)0.00768 (120.00745,30.00591)0.00768 (120.00754,30.00595)0.00768 (120.00763,30.00600)0.00768 (120.00772,30.00604)0.00768 (120.00781,30.00609)0.00768 (119.99886,30.00171)0.00734 (119.99895,30.00176)0.00734 (119.99904,30.00180)0.00734 (119.99913,30.00185)0.00734 (119.99922,30.00189)0.00734 (119.99931,30.00194)0.00734 (119.99940,30.00198)0.00734 (119.99949,30.00203)0.00734 (119.99958,30.00207)0.00734 (119.99967,30.00212)0.00734
(120.00560,30.00509)0.00734 (120.00569,30.00513)0.00734 (120.00578,30.00518)0.00734 (120.00587,30.00522)0.00734 (120.00596,30.00527)0.00734 (120.00605,30.00531)0.00734 (120.00614,30.00536)0.00734 (120.00623,30.00540)0.00734 (120.00632,30.00545)0.00734 (120.00641,30.00549)0.00734 (120.00650,30.00554)0.00734 (120.00659,30.00558)0.00734 (120.00668,30.00563)0.00734 (120.00677,30.00567)0.00734 (120.00686,30.00572)0.00734 (120.00695,30.00576)0.00734 (120.00704,30.00581)0.00734 (120.00713,30.00585)0.00734 (120.00722,30.00590)0.00734 (120.00731,30.00594)0.00734 (120.00740,30.00599)0.00734 (120.00749,30.00603)0.00734 (120.00758,30.00608)0.00734 (120.00767,30.00612)0.00734 (120.00776,30.00617)0.00734 (119.99881,30.00179)0.00704 (119.99890,30.00184)0.00704 (119.99899,30.00188)0.00704 (119.99908,30.00193)0.00704 (119.99917,30.00197)0.00704 (119.99926,30.00202)0.00704 (119.99935,30.00206)0.00704 (119.99944,30.00211)0.00704 (119.99953,30.00215)0.00704 (119.99962,30.00220)0.00704
(120.00555,30.00516)0.00704 (120.00564,30.00521)0.00704 (120.00573,30.00525)0.00704 (120.00582,30.00530)0.00704 (120.00591,30.00534)0.00704 (120.00600,30.00539)0.00704 (120.00609,30.00543)0.00704 (120.00618,30.00548)0.00704 (120.00627,30.00552)0.00704 (120.00636,30.00557)0.00704 (120.00645,30.00561)0.00704 (120.00654,30.00566)0.00704 (120.00663,30.00570)0.00704 (120.00672,30.00575)0.00704 (120.00681,30.00579)0.00704 (120.00690,30.00584)0.00704 (120.00699,30.00588)0.00704 (120.00708,30.00593)0.00704 (120.00717,30.00597)0.00704 (120.00726,30.00602)0.00704 (120.00735,30.00606)0.00704 (120.00744,30.00611)0.00704 (120.00753,30.00615)0.00704 (120.00762,30.00620)0.00704 (120.00771,30.00624)0.00704 (119.99875,30.00187)0.00675 (119.99884,30.00191)0.00675 (119.99893,30.00196)0.00675 (119.99902,30.00200)0.00675 (119.99911,30.00205)0.00675 (119.99920,30.00209)0.00675 (119.99929,30.00214)0.00675 (119.99938,30.00218)0.00675 (119.99947,30.00223)0.00675 (119.99956,30.00227)0.00675
(120.00550,30.00524)0.00675 (120.00559,30.00529)0.00675 (120.00568,30.00533)0.00675 (120.00577,30.00538)0.00675 (120.00586,30.00542)0.00675 (120.00595,30.00547)0.00675 (120.00604,30.00551)0.00675 (120.00613,30.00556)0.00675 (120.00622,30.00560)0.00675 (120.00631,30.00565)0.00675 (120.00640,30.00569)0.00675 (120.00649,30.00574)0.00675 (120.00658,30.00578)0.00675 (120.00667,30.00583)0.00675 (120.00676,30.00587)0.00675 (120.00685,30.00592)0.00675 (120.00694,30.00596)0.00675 (120.00703,30.00601)0.00675 (120.00712,30.00605)0.00675 (120.00721,30.00610)0.00675 (120.00730,30.00614)0.00675 (120.00739,30.00619)0.00675 (120.00748,30.00623)0.00675 (120.00757,30.00628)0.00675 (120.00766,30.00632)0.00675 (119.99870,30.00195)0.00650 (119.99879,30.00199)0.00650 (119.99888,30.00204)0.00650 (119.99897,30.00208)0.00650 (119.99906,30.00213)0.00650 (119.99915,30.00217)0.00650 (119.99924,30.00222)0.00650 (119.99933,30.00226)0.00650 (119.99942,30.00231)0.00650 (119.99951,30.00235)0.00650
(120.00545,30.00532)0.00650 (120.00554,30.00536)0.00650 (120.00563,30.00541)0.00650 (120.00572,30.00545)0.00650 (120.00581,30.00550)0.00650 (120.00590,30.00554)0.00650 (120.00599,30.00559)0.00650 (120.00608,30.00563)0.00650 (120.00617,30.00568)0.00650 (120.00626,30.00572)0.00650 (120.00635,30.00577)0.00650 (120.00644,30.00581)0.00650 (120.00653,30.00586)0.00650 (120.00662,30.00590)0.00650 (120.00671,30.00595)0.00650 (120.00680,30.00599)0.00650 (120.00689,30.00604)0.00650 (120.00698,30.00608)0.00650 (120.00707,30.00613)0.00650 (120.00716,30.00617)0.00650 (120.00725,30.00622)0.00650 (120.00734,30.00626)0.00650 (120.00743,30.00631)0.00650 (120.00752,30.00635)0.00650 (120.00761,30.00640)0.00650 (119.99865,30.00202)0.00626 (119.99874,30.00207)0.00626 (119.99883,30.00211)0.00626 (119.99892,30.00216)0.00626 (119.99901,30.00220)0.00626 (119.99910,30.00225)0.00626 (119.99919,30.00229)0.00626 (119.99928,30.00234)0.00626 (119.99937,30.00238)0.00626 (119.99946,30.00243)0.00626
(120.00539,30.00540)0.00626 (120.00548,30.00544)0.00626 (120.00557,30.00549)0.00626 (120.00566,30.00553)0.00626 (120.00575,30.00558)0.00626 (120.00584,30.00562)0.00626 (120.00593,30.00567)0.00626 (120.00602,30.00571)0.00626 (120.00611,30.00576)0.00626 (120.00620,30.00580)0.00626 (120.00629,30.00585)0.00626 (120.00638,30.00589)0.00626 (120.00647,30.00594)0.00626 (120.00656,30.00598)0.00626 (120.00665,30.00603)0.00626 (120.00674,30.00607)0.00626 (120.00683,30.00612)0.00626 (120.00692,30.00616)0.00626 (120.00701,30.00621)0.00626 (120.00710,30.00625)0.00626 (120.00719,30.00630)0.00626 (120.00728,30.00634)0.00626 (120.00737,30.00639)0.00626 (120.00746,30.00643)0.00626 (120.00755,30.00648)0.00626 (119.99860,30.00210)0.00604 (119.99869,30.00215)0.00604 (119.99878,30.00219)0.00604 (119.99887,30.00224)0.00604 (119.99896,30.00228)0.00604 (119.99905,30.00233)0.00604 (119.99914,30.00237)0.00604 (119.99923,30.00242)0.00604 (119.99932,30.00246)0.00604 (119.99941,30.00251)0.00604
(120.00534,30.00548)0.00604 (120.00543,30.00552)0.00604 (120.00552,30.00557)0.00604 (120.00561,30.00561)0.00604 (120.00570,30.00566)0.00604 (120.00579,30.00570)0.00604 (120.00588,30.00575)0.00604 (120.00597,30.00579)0.00604 (120.00606,30.00584)0.00604 (120.00615,30.00588)0.00604 (120.00624,30.00592)0.00604 (120.00633,30.00597)0.00604 (120.00642,30.00601)0.00604 (120.00651,30.00606)0.00604 (120.00660,30.00610)0.00604 (120.00669,30.00615)0.00604 (120.00678,30.00619)0.00604 (120.00687,30.00624)0.00604 (120.00696,30.00628)0.00604 (120.00705,30.00633)0.00604 (120.00714,30.00637)0.00604 (120.00723,30.00642)0.00604 (120.00732,30.00646)0.00604 (120.00741,30.00651)0.00604 (120.00750,30.00655)0.00604 (119.99855,30.00218)0.00583 (119.99864,30.00223)0.00583 (119.99873,30.00227)0.00583 (119.99882,30.00232)0.00583 (119.99891,30.00236)0.00583 (119.99900,30.00241)0.00583 (119.99909,30.00245)0.00583 (119.99918,30.00250)0.00583 (119.99927,30.00254)0.00583 (119.99936,30.00259)0.00583
(120.00529,30.00555)0.00583 (120.00538,30.00560)0.00583 (120.00547,30.00564)0.00583 (120.00556,30.00569)0.00583 (120.00565,30.00573)0.00583 (120.00574,30.00578)0.00583 (120.00583,30.00582)0.00583 (120.00592,30.00587)0.00583 (120.00601,30.00591)0.00583 (120.00610,30.00596)0.00583 (120.00619,30.00600)0.00583 (120.00628,30.00605)0.00583 (120.00637,30.00609)0.00583 (120.00646,30.00614)0.00583 (120.00655,30.00618)0.00583 (120.00664,30.00623)0.00583 (120.00673,30.00627)0.00583 (120.00682,30.00632)0.00583 (120.00691,30.00636)0.00583 (120.00700,30.00641)0.00583 (120.00709,30.00645)0.00583 (120.00718,30.00650)0.00583 (120.00727,30.00654)0.00583 (120.00736,30.00659)0.00583 (120.00745,30.00663)0.00583 (119.99849,30.00226)0.00564 (119.99858,30.00230)0.00564 (119.99867,30.00235)0.00564 (119.99876,30.00239)0.00564 (119.99885,30.00244)0.00564 (119.99894,30.00248)0.00564 (119.99903,30.00253)0.00564 (119.99912,30.00257)0.00564 (119.99921,30.00262)0.00564 (119.99930,30.00266)0.00564
(120.00524,30.00563)0.00564 (120.00533,30.00568)0.00564 (120.00542,30.00572)0.00564 (120.00551,30.00577)0.00564 (120.00560,30.00581)0.00564 (120.00569,30.00586)0.00564 (120.00578,30.00590)0.00564 (120.00587,30.00595)0.00564 (120.00596,30.00599)0.00564 (120.00605,30.00604)0.00564 (120.00614,30.00608)0.00564 (120.00623,30.00613)0.00564 (120.00632,30.00617)0.00564 (120.00641,30.00622)0.00564 (120.00650,30.00626)0.00564 (120.00659,30.00631)0.00564 (120.00668,30.00635)0.00564 (120.00677,30.00640)0.00564 (120.00686,30.00644)0.00564 (120.00695,30.00649)0.00564 (120.00704,30.00653)0.00564 (120.00713,30.00658)0.00564 (120.00722,30.00662)0.00564 (120.00731,30.00667)0.00564 (120.00740,30.00671)0.00564 (119.99844,30.00234)0.00546 (119.99853,30.00238)0.00546 (119.99862,30.00243)0.00546 (119.99871,30.00247)0.00546 (119.99880,30.00252)0.00546 (119.99889,30.00256)0.00546 (119.99898,30.00261)0.00546 (119.99907,30.00265)0.00546 (119.99916,30.00270)0.00546 (119.99925,30.00274)0.00546
(120.00519,30.00571)0.00546 (120.00528,30.00575)0.00546 (120.00537,30.00580)0.00546 (120.00546,30.00584)0.00546 (120.00555,30.00589)0.00546 (120.00564,30.00593)0.00546 (120.00573,30.00598)0.00546 (120.00582,30.00602)0.00546 (120.00591,30.00607)0.00546 (120.00600,30.00611)0.00546 (120.00609,30.00616)0.00546 (120.00618,30.00620)0.00546 (120.00627,30.00625)0.00546 (120.00636,30.00629)0.00546 (120.00645,30.00634)0.00546 (120.00654,30.00638)0.00546 (120.00663,30.00643)0.00546 (120.00672,30.00647)0.00546 (120.00681,30.00652)0.00546 (120.00690,30.00656)0.00546 (120.00699,30.00661)0.00546 (120.00708,30.00665)0.00546 (120.00717,30.00670)0.00546 (120.00726,30.00674)0.00546 (120.00735,30.00679)0.00546 (119.99839,30.00241)0.00530 (119.99848,30.00246)0.00530 (119.99857,30.00250)0.00530 (119.99866,30.00255)0.00530 (119.99875,30.00259)0.00530 (119.99884,30.00264)0.00530 (119.99893,30.00268)0.00530 (119.99902,30.00273)0.00530 (119.99911,30.00277)0.00530 (119.99920,30.00282)0.00530
