燃气扩散模型/燃气扩散模型/bin/Debug/gasConcentration2DArray.txt
ncols              100
nrows             100
xllcorner        120
yllcorner        30
[rows 48 to 63 of 100, columns 35 to 69 of 100]
(119.99841,30.00419)0.00352 (119.99850,30.00423)0.00352 (119.99859,30.00428)0.00352 (119.99868,30.00432)0.00352 (119.99877,30.00437)0.00352 (119.99886,30.00441)0.00352 (119.99895,30.00446)0.00352 (119.99904,30.00450)0.00352 (119.99913,30.00455)0.00352 (119.99922,30.00459)0.00352 (119.99931,30.00464)0.00352 (119.99940,30.00468)0.00352 (119.99949,30.00473)0.00352 (119.99958,30.00477)0.00352 (119.99967,30.00482)0.00352 (119.99976,30.00486)0.00352 (119.99985,30.00491)0.00352 (119.99994,30.00495)0.00352 (120.00003,30.00500)0.00352 (120.00012,30.00504)0.00352 (120.00021,30.00509)0.00352 (120.00030,30.00513)0.00352 (120.00039,30.00518)0.00352 (120.00048,30.00522)0.00352 (120.00057,30.00527)0.00352 (120.00066,30.00531)0.00352 (120.00075,30.00536)0.00352 (120.00084,30.00540)0.00352 (120.00093,30.00545)0.00352 (120.00102,30.00549)0.00352 (120.00111,30.00554)0.00352 (120.00119,30.00558)0.00352 (120.00128,30.00563)0.00352 (120.00137,30.00567)0.00352 (120.00146,30.00572)0.00352
(119.99836,30.00427)0.00346 (119.99845,30.00431)0.00346 (119.99853,30.00436)0.00346 (119.99862,30.00440)0.00346 (119.99871,30.00445)0.00346 (119.99880,30.00449)0.00346 (119.99889,30.00454)0.00346 (119.99898,30.00458)0.00346 (119.99907,30.00463)0.00346 (119.99916,30.00467)0.00346 (119.99925,30.00472)0.00346 (119.99934,30.00476)0.00346 (119.99943,30.00481)0.00346 (119.99952,30.00485)0.00346 (119.99961,30.00490)0.00346 (119.99970,30.00494)0.00346 (119.99979,30.00499)0.00346 (119.99988,30.00503)0.00346 (119.99997,30.00508)0.00346 (120.00006,30.00512)0.00346 (120.00015,30.00517)0.00346 (120.00024,30.00521)0.00346 (120.00033,30.00526)0.00346 (120.00042,30.00530)0.00346 (120.00051,30.00535)0.00346 (120.00060,30.00539)0.00346 (120.00069,30.00544)0.00346 (120.00078,30.00548)0.00346 (120.00087,30.00553)0.00346 (120.00096,30.00557)0.00346 (120.00105,30.00561)0.00346 (120.00114,30.00566)0.00346 (120.00123,30.00570)0.00346 (120.00132,30.00575)0.00346 (120.00141,30.00579)0.00346
(119.99830,30.00434)0.00339 (119.99839,30.00439)0.00339 (119.99848,30.00443)0.00339 (119.99857,30.00448)0.00339 (119.99866,30.00452)0.00339 (119.99875,30.00457)0.00339 (119.99884,30.00461)0.00339 (119.99893,30.00466)0.00339 (119.99902,30.00470)0.00339 (119.99911,30.00475)0.00339 (119.99920,30.00479)0.00339 (119.99929,30.00484)0.00339 (119.99938,30.00488)0.00339 (119.99947,30.00493)0.00339 (119.99956,30.00497)0.00339 (119.99965,30.00502)0.00339 (119.99974,30.00506)0.00339 (119.99983,30.00511)0.00339 (119.99992,30.00515)0.00339 (120.00001,30.00520)0.00339 (120.00010,30.00524)0.00339 (120.00019,30.00529)0.00339 (120.00028,30.00533)0.00339 (120.00037,30.00538)0.00339 (120.00046,30.00542)0.00339 (120.00055,30.00547)0.00339 (120.00064,30.00551)0.00339 (120.00073,30.00556)0.00339 (120.00082,30.00560)0.00339 (120.00091,30.00565)0.00339 (120.00100,30.00569)0.00339 (120.00109,30.00574)0.00339 (120.00118,30.00578)0.00339 (120.00127,30.00583)0.00339 (120.00136,30.00587)0.00339
(119.99825,30.00442)0.00333 (119.99834,30.00447)0.00333 (119.99843,30.00451)0.00333 (119.99852,30.00456)0.00333 (119.99861,30.00460)0.00333 (119.99870,30.00465)0.00333 (119.99879,30.00469)0.00333 (119.99888,30.00474)0.00333 (119.99897,30.00478)0.00333 (119.99906,30.00483)0.00333 (119.99915,30.00487)0.00333 (119.99924,30.00492)0.00333 (119.99933,30.00496)0.00333 (119.99942,30.00501)0.00333 (119.99951,30.00505)0.00333 (119.99960,30.00510)0.00333 (119.99969,30.00514)0.00333 (119.99978,30.00519)0.00333 (119.99987,30.00523)0.00333 (119.99996,30.00528)0.00333 (120.00005,30.00532)0.00333 (120.00014,30.00537)0.00333 (120.00023,30.00541)0.00333 (120.00032,30.00546)0.00333 (120.00041,30.00550)0.00333 (120.00050,30.00555)0.00333 (120.00059,30.00559)0.00333 (120.00068,30.00564)0.00333 (120.00077,30.00568)0.00333 (120.00086,30.00573)0.00333 (120.00095,30.00577)0.00333 (120.00104,30.00582)0.00333 (120.00113,30.00586)0.00333 (120.00122,30.00591)0.00333 (120.00131,30.00595)0.00333
(119.99820,30.00450)0.00327 (119.99829,30.00454)0.00327 (119.99838,30.00459)0.00327 (119.99847,30.00463)0.00327 (119.99856,30.00468)0.00327 (119.99865,30.00472)0.00327 (119.99874,30.00477)0.00327 (119.99883,30.00481)0.00327 (119.99892,30.00486)0.00327 (119.99901,30.00490)0.00327 (119.99910,30.00495)0.00327 (119.99919,30.00499)0.00327 (119.99928,30.00504)0.00327 (119.99937,30.00508)0.00327 (119.99946,30.00513)0.00327 (119.99955,30.00517)0.00327 (119.99964,30.00522)0.00327 (119.99973,30.00526)0.00327 (119.99982,30.00531)0.00327 (119.99991,30.00535)0.00327 (120.00000,30.00540)0.00327 (120.00009,30.00544)0.00327 (120.00018,30.00549)0.00327 (120.00027,30.00553)0.00327 (120.00036,30.00558)0.00327 (120.00045,30.00562)0.00327 (120.00054,30.00567)0.00327 (120.00063,30.00571)0.00327 (120.00072,30.00576)0.00327 (120.00081,30.00580)0.00327 (120.00090,30.00585)0.00327 (120.00099,30.00589)0.00327 (120.00108,30.00594)0.00327 (120.00117,30.00598)0.00327 (120.00126,30.00603)0.00327
(119.99815,30.00458)0.00322 (119.99824,30.00462)0.00322 (119.99833,30.00467)0.00322 (119.99842,30.00471)0.00322 (119.99851,30.00476)0.00322 (119.99860,30.00480)0.00322 (119.99869,30.00485)0.00322 (119.99878,30.00489)0.00322 (119.99887,30.00494)0.00322 (119.99896,30.00498)0.00322 (119.99905,30.00503)0.00322 (119.99914,30.00507)0.00322 (119.99923,30.00512)0.00322 (119.99932,30.00516)0.00322 (119.99941,30.00521)0.00322 (119.99950,30.00525)0.00322 (119.99959,30.00530)0.00322 (119.99968,30.00534)0.00322 (119.99977,30.00539)0.00322 (119.99986,30.00543)0.00322 (119.99995,30.00548)0.00322 (120.00004,30.00552)0.00322 (120.00013,30.00557)0.00322 (120.00022,30.00561)0.00322 (120.00031,30.00566)0.00322 (120.00040,30.00570)0.00322 (120.00049,30.00575)0.00322 (120.00058,30.00579)0.00322 (120.00067,30.00584)0.00322 (120.00076,30.00588)0.00322 (120.00085,30.00593)0.00322 (120.00094,30.00597)0.00322 (120.00103,30.00602)0.00322 (120.00112,30.00606)0.00322 (120.00121,30.00611)0.00322
(119.99810,30.00466)0.00316 (119.99819,30.00470)0.00316 (119.99828,30.00475)0.00316 (119.99837,30.00479)0.00316 (119.99846,30.00484)0.00316 (119.99855,30.00488)0.00316 (119.99864,30.00493)0.00316 (119.99873,30.00497)0.00316 (119.99881,30.00502)0.00316 (119.99890,30.00506)0.00316 (119.99899,30.00511)0.00316 (119.99908,30.00515)0.00316 (119.99917,30.00519)0.00316 (119.99926,30.00524)0.00316 (119.99935,30.00528)0.00316 (119.99944,30.00533)0.00316 (119.99953,30.00537)0.00316 (119.99962,30.00542)0.00316 (119.99971,30.00546)0.00316 (119.99980,30.00551)0.00316 (119.99989,30.00555)0.00316 (119.99998,30.00560)0.00316 (120.00007,30.00564)0.00316 (120.00016,30.00569)0.00316 (120.00025,30.00573)0.00316 (120.00034,30.00578)0.00316 (120.00043,30.00582)0.00316 (120.00052,30.00587)0.00316 (120.00061,30.00591)0.00316 (120.00070,30.00596)0.00316 (120.00079,30.00600)0.00316 (120.00088,30.00605)0.00316 (120.00097,30.00609)0.00316 (120.00106,30.00614)0.00316 (120.00115,30.00618)0.00316
(119.99804,30.00473)0.00311 (119.99813,30.00478)0.00311 (119.99822,30.00482)0.00311 (119.99831,30.00487)0.00311 (119.99840,30.00491)0.00311 (119.99849,30.00496)0.00311 (119.99858,30.00500)0.00311 (119.99867,30.00505)0.00311 (119.99876,30.00509)0.00311 (119.99885,30.00514)0.00311 (119.99894,30.00518)0.00311 (119.99903,30.00523)0.00311 (119.99912,30.00527)0.00311 (119.99921,30.00532)0.00311 (119.99930,30.00536)0.00311 (119.99939,30.00541)0.00311 (119.99948,30.00545)0.00311 (119.99957,30.00550)0.00311 (119.99966,30.00554)0.00311 (119.99975,30.00559)0.00311 (119.99984,30.00563)0.00311 (119.99993,30.00568)0.00311 (120.00002,30.00572)0.00311 (120.00011,30.00577)0.00311 (120.00020,30.00581)0.00311 (120.00029,30.00586)0.00311 (120.00038,30.00590)0.00311 (120.00047,30.00595)0.00311 (120.00056,30.00599)0.00311 (120.00065,30.00604)0.00311 (120.00074,30.00608)0.00311 (120.00083,30.00613)0.00311 (120.00092,30.00617)0.00311 (120.00101,30.00622)0.00311 (120.00110,30.00626)0.00311
(119.99799,30.00481)0.00306 (119.99808,30.00486)0.00306 (119.99817,30.00490)0.00306 (119.99826,30.00495)0.00306 (119.99835,30.00499)0.00306 (119.99844,30.00504)0.00306 (119.99853,30.00508)0.00306 (119.99862,30.00513)0.00306 (119.99871,30.00517)0.00306 (119.99880,30.00522)0.00306 (119.99889,30.00526)0.00306 (119.99898,30.00531)0.00306 (119.99907,30.00535)0.00306 (119.99916,30.00540)0.00306 (119.99925,30.00544)0.00306 (119.99934,30.00549)0.00306 (119.99943,30.00553)0.00306 (119.99952,30.00558)0.00306 (119.99961,30.00562)0.00306 (119.99970,30.00567)0.00306 (119.99979,30.00571)0.00306 (119.99988,30.00576)0.00306 (119.99997,30.00580)0.00306 (120.00006,30.00585)0.00306 (120.00015,30.00589)0.00306 (120.00024,30.00594)0.00306 (120.00033,30.00598)0.00306 (120.00042,30.00603)0.00306 (120.00051,30.00607)0.00306 (120.00060,30.00612)0.00306 (120.00069,30.00616)0.00306 (120.00078,30.00621)0.00306 (120.00087,30.00625)0.00306 (120.00096,30.00630)0.00306 (120.00105,30.00634)0.00306
(119.99794,30.00489)0.00301 (119.99803,30.00493)0.00301 (119.99812,30.00498)0.00301 (119.99821,30.00502)0.00301 (119.99830,30.00507)0.00301 (119.99839,30.00511)0.00301 (119.99848,30.00516)0.00301 (119.99857,30.00520)0.00301 (119.99866,30.00525)0.00301 (119.99875,30.00529)0.00301 (119.99884,30.00534)0.00301 (119.99893,30.00538)0.00301 (119.99902,30.00543)0.00301 (119.99911,30.00547)0.00301 (119.99920,30.00552)0.00301 (119.99929,30.00556)0.00301 (119.99938,30.00561)0.00301 (119.99947,30.00565)0.00301 (119.99956,30.00570)0.00301 (119.99965,30.00574)0.00301 (119.99974,30.00579)0.00301 (119.99983,30.00583)0.00301 (119.99992,30.00588)0.00301 (120.00001,30.00592)0.00301 (120.00010,30.00597)0.00301 (120.00019,30.00601)0.00301 (120.00028,30.00606)0.00301 (120.00037,30.00610)0.00301 (120.00046,30.00615)0.00301 (120.00055,30.00619)0.00301 (120.00064,30.00624)0.00301 (120.00073,30.00628)0.00301 (120.00082,30.00633)0.00301 (120.00091,30.00637)0.00301 (120.00100,30.00642)0.00301
(119.99789,30.00497)0.00296 (119.99798,30.00501)0.00296 (119.99807,30.00506)0.00296 (119.99816,30.00510)0.00296 (119.99825,30.00515)0.00296 (119.99834,30.00519)0.00296 (119.99843,30.00524)0.00296 (119.99852,30.00528)0.00296 (119.99861,30.00533)0.00296 (119.99870,30.00537)0.00296 (119.99879,30.00542)0.00296 (119.99888,30.00546)0.00296 (119.99897,30.00551)0.00296 (119.99906,30.00555)0.00296 (119.99915,30.00560)0.00296 (119.99924,30.00564)0.00296 (119.99933,30.00569)0.00296 (119.99942,30.00573)0.00296 (119.99951,30.00578)0.00296 (119.99960,30.00582)0.00296 (119.99969,30.00587)0.00296 (119.99978,30.00591)0.00296 (119.99987,30.00596)0.00296 (119.99996,30.00600)0.00296 (120.00005,30.00605)0.00296 (120.00014,30.00609)0.00296 (120.00023,30.00614)0.00296 (120.00032,30.00618)0.00296 (120.00041,30.00623)0.00296 (120.00050,30.00627)0.00296 (120.00059,30.00632)0.00296 (120.00068,30.00636)0.00296 (120.00077,30.00641)0.00296 (120.00086,30.00645)0.00296 (120.00095,30.00650)0.00296
(119.99784,30.00504)0.00292 (119.99793,30.00509)0.00292 (119.99802,30.00513)0.00292 (119.99811,30.00518)0.00292 (119.99820,30.00522)0.00292 (119.99829,30.00527)0.00292 (119.99838,30.00531)0.00292 (119.99847,30.00536)0.00292 (119.99856,30.00540)0.00292 (119.99865,30.00545)0.00292 (119.99874,30.00549)0.00292 (119.99883,30.00554)0.00292 (119.99892,30.00558)0.00292 (119.99901,30.00563)0.00292 (119.99909,30.00567)0.00292 (119.99918,30.00572)0.00292 (119.99927,30.00576)0.00292 (119.99936,30.00581)0.00292 (119.99945,30.00585)0.00292 (119.99954,30.00590)0.00292 (119.99963,30.00594)0.00292 (119.99972,30.00599)0.00292 (119.99981,30.00603)0.00292 (119.99990,30.00608)0.00292 (119.99999,30.00612)0.00292 (120.00008,30.00617)0.00292 (120.00017,30.00621)0.00292 (120.00026,30.00626)0.00292 (120.00035,30.00630)0.00292 (120.00044,30.00635)0.00292 (120.00053,30.00639)0.00292 (120.00062,30.00644)0.00292 (120.00071,30.00648)0.00292 (120.00080,30.00653)0.00292 (120.00089,30.00657)0.00292
(119.99778,30.00512)0.00287 (119.99787,30.00517)0.00287 (119.99796,30.00521)0.00287 (119.99805,30.00526)0.00287 (119.99814,30.00530)0.00287 (119.99823,30.00535)0.00287 (119.99832,30.00539)0.00287 (119.99841,30.00544)0.00287 (119.99850,30.00548)0.00287 (119.99859,30.00553)0.00287 (119.99868,30.00557)0.00287 (119.99877,30.00562)0.00287 (119.99886,30.00566)0.00287 (119.99895,30.00571)0.00287 (119.99904,30.00575)0.00287 (119.99913,30.00580)0.00287 (119.99922,30.00584)0.00287 (119.99931,30.00589)0.00287 (119.99940,30.00593)0.00287 (119.99949,30.00598)0.00287 (119.99958,30.00602)0.00287 (119.99967,30.00607)0.00287 (119.99976,30.00611)0.00287 (119.99985,30.00616)0.00287 (119.99994,30.00620)0.00287 (120.00003,30.00625)0.00287 (120.00012,30.00629)0.00287 (120.00021,30.00634)0.00287 (120.00030,30.00638)0.00287 (120.00039,30.00643)0.00287 (120.00048,30.00647)0.00287 (120.00057,30.00652)0.00287 (120.00066,30.00656)0.00287 (120.00075,30.00661)0.00287 (120.00084,30.00665)0.00287
(119.99773,30.00520)0.00283 (119.99782,30.00525)0.00283 (119.99791,30.00529)0.00283 (119.99800,30.00534)0.00283 (119.99809,30.00538)0.00283 (119.99818,30.00543)0.00283 (119.99827,30.00547)0.00283 (119.99836,30.00552)0.00283 (119.99845,30.00556)0.00283 (119.99854,30.00561)0.00283 (119.99863,30.00565)0.00283 (119.99872,30.00570)0.00283 (119.99881,30.00574)0.00283 (119.99890,30.00579)0.00283 (119.99899,30.00583)0.00283 (119.99908,30.00588)0.00283 (119.99917,30.00592)0.00283 (119.99926,30.00596)0.00283 (119.99935,30.00601)0.00283 (119.99944,30.00605)0.00283 (119.99953,30.00610)0.00283 (119.99962,30.00614)0.00283 (119.99971,30.00619)0.00283 (119.99980,30.00623)0.00283 (119.99989,30.00628)0.00283 (119.99998,30.00632)0.00283 (120.00007,30.00637)0.00283 (120.00016,30.00641)0.00283 (120.00025,30.00646)0.00283 (120.00034,30.00650)0.00283 (120.00043,30.00655)0.00283 (120.00052,30.00659)0.00283 (120.00061,30.00664)0.00283 (120.00070,30.00668)0.00283 (120.00079,30.00673)0.00283
(119.99768,30.00528)0.00279 (119.99777,30.00532)0.00279 (119.99786,30.00537)0.00279 (119.99795,30.00541)0.00279 (119.99804,30.00546)0.00279 (119.99813,30.00550)0.00279 (119.99822,30.00555)0.00279 (119.99831,30.00559)0.00279 (119.99840,30.00564)0.00279 (119.99849,30.00568)0.00279 (119.99858,30.00573)0.00279 (119.99867,30.00577)0.00279 (119.99876,30.00582)0.00279 (119.99885,30.00586)0.00279 (119.99894,30.00591)0.00279 (119.99903,30.00595)0.00279 (119.99912,30.00600)0.00279 (119.99921,30.00604)0.00279 (119.99930,30.00609)0.00279 (119.99939,30.00613)0.00279 (119.99948,30.00618)0.00279 (119.99957,30.00622)0.00279 (119.99966,30.00627)0.00279 (119.99975,30.00631)0.00279 (119.99984,30.00636)0.00279 (119.99993,30.00640)0.00279 (120.00002,30.00645)0.00279 (120.00011,30.00649)0.00279 (120.00020,30.00654)0.00279 (120.00029,30.00658)0.00279 (120.00038,30.00663)0.00279 (120.00047,30.00667)0.00279 (120.00056,30.00672)0.00279 (120.00065,30.00676)0.00279 (120.00074,30.00681)0.00279
(119.99763,30.00536)0.00275 (119.99772,30.00540)0.00275 (119.99781,30.00545)0.00275 (119.99790,30.00549)0.00275 (119.99799,30.00554)0.00275 (119.99808,30.00558)0.00275 (119.99817,30.00563)0.00275 (119.99826,30.00567)0.00275 (119.99835,30.00572)0.00275 (119.99844,30.00576)0.00275 (119.99853,30.00581)0.00275 (119.99862,30.00585)0.00275 (119.99871,30.00590)0.00275 (119.99880,30.00594)0.00275 (119.99889,30.00599)0.00275 (119.99898,30.00603)0.00275 (119.99907,30.00608)0.00275 (119.99916,30.00612)0.00275 (119.99925,30.00617)0.00275 (119.99934,30.00621)0.00275 (119.99943,30.00626)0.00275 (119.99952,30.00630)0.00275 (119.99961,30.00635)0.00275 (119.99970,30.00639)0.00275 (119.99979,30.00644)0.00275 (119.99988,30.00648)0.00275 (119.99997,30.00653)0.00275 (120.00006,30.00657)0.00275 (120.00015,30.00662)0.00275 (120.00024,30.00666)0.00275 (120.00033,30.00671)0.00275 (120.00042,30.00675)0.00275 (120.00051,30.00680)0.00275 (120.00060,30.00684)0.00275 (120.00069,30.00689)0.00275
