燃气扩散模型/燃气扩散模型/bin/Debug/gasConcentration2DArray.txt
ncols              100
nrows             100
xllcorner        120
yllcorner        30
[rows 64 to 79 of 100, columns 0 to 34 of 100]
(120.00347,30.00828)0.00275 (120.00356,30.00832)0.00275 (120.00365,30.00837)0.00275 (120.00374,30.00841)0.00275 (120.00383,30.00846)0.00275 (120.00392,30.00850)0.00275 (120.00401,30.00855)0.00275 (120.00410,30.00859)0.00275 (120.00419,30.00864)0.00275 (120.00428,30.00868)0.00275 (120.00437,30.00873)0.00275 (120.00446,30.00877)0.00275 (120.00455,30.00882)0.00275 (120.00464,30.00886)0.00275 (120.00473,30.00891)0.00275 (120.00482,30.00895)0.00275 (120.00491,30.00900)0.00275 (120.00500,30.00904)0.00275 (120.00509,30.00909)0.00275 (120.00518,30.00913)0.00275 (120.00527,30.00918)0.00275 (120.00536,30.00922)0.00275 (120.00545,30.00927)0.00275 (120.00554,30.00931)0.00275 (120.00563,30.00936)0.00275 (119.99668,30.00498)0.00271 (119.99677,30.00503)0.00271 (119.99686,30.00507)0.00271 (119.99695,30.00512)0.00271 (119.99704,30.00516)0.00271 (119.99713,30.00521)0.00271 (119.99722,30.00525)0.00271 (119.99731,30.00530)0.00271 (119.99740,30.00534)0.00271 (119.99749,30.00539)0.00271
(120.00342,30.00836)0.00271 (120.00351,30.00840)0.00271 (120.00360,30.00845)0.00271 (120.00369,30.00849)0.00271 (120.00378,30.00854)0.00271 (120.00387,30.00858)0.00271 (120.00396,30.00863)0.00271 (120.00405,30.00867)0.00271 (120.00414,30.00872)0.00271 (120.00423,30.00876)0.00271 (120.00432,30.00881)0.00271 (120.00441,30.00885)0.00271 (120.00450,30.00890)0.00271 (120.00459,30.00894)0.00271 (120.00468,30.00899)0.00271 (120.00477,30.00903)0.00271 (120.00486,30.00908)0.00271 (120.00495,30.00912)0.00271 (120.00504,30.00917)0.00271 (120.00513,30.00921)0.00271 (120.00522,30.00926)0.00271 (120.00531,30.00930)0.00271 (120.00540,30.00935)0.00271 (120.00549,30.00939)0.00271 (120.00558,30.00944)0.00271 (119.99663,30.00506)0.00267 (119.99671,30.00511)0.00267 (119.99680,30.00515)0.00267 (119.99689,30.00520)0.00267 (119.99698,30.00524)0.00267 (119.99707,30.00529)0.00267 (119.99716,30.00533)0.00267 (119.99725,30.00538)0.00267 (119.99734,30.00542)0.00267 (119.99743,30.00547)0.00267
(120.00337,30.00843)0.00267 (120.00346,30.00848)0.00267 (120.00355,30.00852)0.00267 (120.00364,30.00857)0.00267 (120.00373,30.00861)0.00267 (120.00382,30.00866)0.00267 (120.00391,30.00870)0.00267 (120.00400,30.00875)0.00267 (120.00409,30.00879)0.00267 (120.00418,30.00884)0.00267 (120.00427,30.00888)0.00267 (120.00436,30.00893)0.00267 (120.00445,30.00897)0.00267 (120.00454,30.00902)0.00267 (120.00463,30.00906)0.00267 (120.00472,30.00911)0.00267 (120.00481,30.00915)0.00267 (120.00490,30.00920)0.00267 (120.00499,30.00924)0.00267 (120.00508,30.00929)0.00267 (120.00517,30.00933)0.00267 (120.00526,30.00938)0.00267 (120.00535,30.00942)0.00267 (120.00544,30.00947)0.00267 (120.00553,30.00951)0.00267 (119.99657,30.00514)0.00264 (119.99666,30.00519)0.00264 (119.99675,30.00523)0.00264 (119.99684,30.00528)0.00264 (119.99693,30.00532)0.00264 (119.99702,30.00537)0.00264 (119.99711,30.00541)0.00264 (119.99720,30.00546)0.00264 (119.99729,30.00550)0.00264 (119.99738,30.00555)0.00264
(120.00332,30.00851)0.00264 (120.00341,30.00856)0.00264 (120.00350,30.00860)0.00264 (120.00359,30.00865)0.00264 (120.00368,30.00869)0.00264 (120.00377,30.00874)0.00264 (120.00386,30.00878)0.00264 (120.00395,30.00883)0.00264 (120.00404,30.00887)0.00264 (120.00413,30.00892)0.00264 (120.00422,30.00896)0.00264 (120.00431,30.00901)0.00264 (120.00440,30.00905)0.00264 (120.00449,30.00910)0.00264 (120.00458,30.00914)0.00264 (120.00467,30.00919)0.00264 (120.00476,30.00923)0.00264 (120.00485,30.00928)0.00264 (120.00494,30.00932)0.00264 (120.00503,30.00937)0.00264 (120.00512,30.00941)0.00264 (120.00521,30.00946)0.00264 (120.00530,30.00950)0.00264 (120.00539,30.00955)0.00264 (120.00548,30.00959)0.00264 (119.99652,30.00522)0.00260 (119.99661,30.00526)0.00260 (119.99670,30.00531)0.00260 (119.99679,30.00535)0.00260 (119.99688,30.00540)0.00260 (119.99697,30.00544)0.00260 (119.99706,30.00549)0.00260 (119.99715,30.00553)0.00260 (119.99724,30.00558)0.00260 (119.99733,30.00562)0.00260
(120.00327,30.00859)0.00260 (120.00336,30.00864)0.00260 (120.00345,30.00868)0.00260 (120.00354,30.00873)0.00260 (120.00363,30.00877)0.00260 (120.00372,30.00882)0.00260 (120.00381,30.00886)0.00260 (120.00390,30.00891)0.00260 (120.00399,30.00895)0.00260 (120.00408,30.00900)0.00260 (120.00417,30.00904)0.00260 (120.00426,30.00909)0.00260 (120.00435,30.00913)0.00260 (120.00444,30.00918)0.00260 (120.00453,30.00922)0.00260 (120.00462,30.00927)0.00260 (120.00471,30.00931)0.00260 (120.00479,30.00936)0.00260 (120.00488,30.00940)0.00260 (120.00497,30.00945)0.00260 (120.00506,30.00949)0.00260 (120.00515,30.00953)0.00260 (120.00524,30.00958)0.00260 (120.00533,30.00962)0.00260 (120.00542,30.00967)0.00260 (119.99647,30.00530)0.00257 (119.99656,30.00534)0.00257 (119.99665,30.00539)0.00257 (119.99674,30.00543)0.00257 (119.99683,30.00548)0.00257 (119.99692,30.00552)0.00257 (119.99701,30.00557)0.00257 (119.99710,30.00561)0.00257 (119.99719,30.00566)0.00257 (119.99728,30.00570)0.00257
(120.00321,30.00867)0.00257 (120.00330,30.00871)0.00257 (120.00339,30.00876)0.00257 (120.00348,30.00880)0.00257 (120.00357,30.00885)0.00257 (120.00366,30.00889)0.00257 (120.00375,30.00894)0.00257 (120.00384,30.00898)0.00257 (120.00393,30.00903)0.00257 (120.00402,30.00907)0.00257 (120.00411,30.00912)0.00257 (120.00420,30.00916)0.00257 (120.00429,30.00921)0.00257 (120.00438,30.00925)0.00257 (120.00447,30.00930)0.00257 (120.00456,30.00934)0.00257 (120.00465,30.00939)0.00257 (120.00474,30.00943)0.00257 (120.00483,30.00948)0.00257 (120.00492,30.00952)0.00257 (120.00501,30.00957)0.00257 (120.00510,30.00961)0.00257 (120.00519,30.00966)0.00257 (120.00528,30.00970)0.00257 (120.00537,30.00975)0.00257 (119.99642,30.00537)0.00254 (119.99651,30.00542)0.00254 (119.99660,30.00546)0.00254 (119.99669,30.00551)0.00254 (119.99678,30.00555)0.00254 (119.99687,30.00560)0.00254 (119.99696,30.00564)0.00254 (119.99705,30.00569)0.00254 (119.99714,30.00573)0.00254 (119.99723,30.00578)0.00254
(120.00316,30.00875)0.00254 (120.00325,30.00879)0.00254 (120.00334,30.00884)0.00254 (120.00343,30.00888)0.00254 (120.00352,30.00893)0.00254 (120.00361,30.00897)0.00254 (120.00370,30.00902)0.00254 (120.00379,30.00906)0.00254 (120.00388,30.00911)0.00254 (120.00397,30.00915)0.00254 (120.00406,30.00920)0.00254 (120.00415,30.00924)0.00254 (120.00424,30.00929)0.00254 (120.00433,30.00933)0.00254 (120.00442,30.00938)0.00254 (120.00451,30.00942)0.00254 (120.00460,30.00947)0.00254 (120.00469,30.00951)0.00254 (120.00478,30.00956)0.00254 (120.00487,30.00960)0.00254 (120.00496,30.00965)0.00254 (120.00505,30.00969)0.00254 (120.00514,30.00974)0.00254 (120.00523,30.00978)0.00254 (120.00532,30.00983)0.00254 (119.99637,30.00545)0.00250 (119.99646,30.00550)0.00250 (119.99655,30.00554)0.00250 (119.99664,30.00559)0.00250 (119.99673,30.00563)0.00250 (119.99682,30.00568)0.00250 (119.99691,30.00572)0.00250 (119.99699,30.00577)0.00250 (119.99708,30.00581)0.00250 (119.99717,30.00586)0.00250
(120.00311,30.00882)0.00250 (120.00320,30.00887)0.00250 (120.00329,30.00891)0.00250 (120.00338,30.00896)0.00250 (120.00347,30.00900)0.00250 (120.00356,30.00905)0.00250 (120.00365,30.00909)0.00250 (120.00374,30.00914)0.00250 (120.00383,30.00918)0.00250 (120.00392,30.00923)0.00250 (120.00401,30.00927)0.00250 (120.00410,30.00932)0.00250 (120.00419,30.00936)0.00250 (120.00428,30.00941)0.00250 (120.00437,30.00945)0.00250 (120.00446,30.00950)0.00250 (120.00455,30.00954)0.00250 (120.00464,30.00959)0.00250 (120.00473,30.00963)0.00250 (120.00482,30.00968)0.00250 (120.00491,30.00972)0.00250 (120.00500,30.00977)0.00250 (120.00509,30.00981)0.00250 (120.00518,30.00986)0.00250 (120.00527,30.00990)0.00250 (119.99631,30.00553)0.00247 (119.99640,30.00557)0.00247 (119.99649,30.00562)0.00247 (119.99658,30.00566)0.00247 (119.99667,30.00571)0.00247 (119.99676,30.00575)0.00247 (119.99685,30.00580)0.00247 (119.99694,30.00584)0.00247 (119.99703,30.00589)0.00247 (119.99712,30.00593)0.00247
(120.00306,30.00890)0.00247 (120.00315,30.00895)0.00247 (120.00324,30.00899)0.00247 (120.00333,30.00904)0.00247 (120.00342,30.00908)0.00247 (120.00351,30.00913)0.00247 (120.00360,30.00917)0.00247 (120.00369,30.00922)0.00247 (120.00378,30.00926)0.00247 (120.00387,30.00931)0.00247 (120.00396,30.00935)0.00247 (120.00405,30.00940)0.00247 (120.00414,30.00944)0.00247 (120.00423,30.00949)0.00247 (120.00432,30.00953)0.00247 (120.00441,30.00958)0.00247 (120.00450,30.00962)0.00247 (120.00459,30.00967)0.00247 (120.00468,30.00971)0.00247 (120.00477,30.00976)0.00247 (120.00486,30.00980)0.00247 (120.00495,30.00985)0.00247 (120.00504,30.00989)0.00247 (120.00513,30.00994)0.00247 (120.00522,30.00998)0.00247 (119.99626,30.00561)0.00244 (119.99635,30.00565)0.00244 (119.99644,30.00570)0.00244 (119.99653,30.00574)0.00244 (119.99662,30.00579)0.00244 (119.99671,30.00583)0.00244 (119.99680,30.00588)0.00244 (119.99689,30.00592)0.00244 (119.99698,30.00597)0.00244 (119.99707,30.00601)0.00244
(120.00301,30.00898)0.00244 (120.00310,30.00903)0.00244 (120.00319,30.00907)0.00244 (120.00328,30.00911)0.00244 (120.00337,30.00916)0.00244 (120.00346,30.00920)0.00244 (120.00355,30.00925)0.00244 (120.00364,30.00929)0.00244 (120.00373,30.00934)0.00244 (120.00382,30.00938)0.00244 (120.00391,30.00943)0.00244 (120.00400,30.00947)0.00244 (120.00409,30.00952)0.00244 (120.00418,30.00956)0.00244 (120.00427,30.00961)0.00244 (120.00436,30.00965)0.00244 (120.00445,30.00970)0.00244 (120.00454,30.00974)0.00244 (120.00463,30.00979)0.00244 (120.00472,30.00983)0.00244 (120.00481,30.00988)0.00244 (120.00490,30.00992)0.00244 (120.00499,30.00997)0.00244 (120.00507,30.01001)0.00244 (120.00516,30.01006)0.00244 (119.99621,30.00569)0.00241 (119.99630,30.00573)0.00241 (119.99639,30.00578)0.00241 (119.99648,30.00582)0.00241 (119.99657,30.00587)0.00241 (119.99666,30.00591)0.00241 (119.99675,30.00596)0.00241 (119.99684,30.00600)0.00241 (119.99693,30.00605)0.00241 (119.99702,30.00609)0.00241
(120.00295,30.00906)0.00241 (120.00304,30.00910)0.00241 (120.00313,30.00915)0.00241 (120.00322,30.00919)0.00241 (120.00331,30.00924)0.00241 (120.00340,30.00928)0.00241 (120.00349,30.00933)0.00241 (120.00358,30.00937)0.00241 (120.00367,30.00942)0.00241 (120.00376,30.00946)0.00241 (120.00385,30.00951)0.00241 (120.00394,30.00955)0.00241 (120.00403,30.00960)0.00241 (120.00412,30.00964)0.00241 (120.00421,30.00969)0.00241 (120.00430,30.00973)0.00241 (120.00439,30.00978)0.00241 (120.00448,30.00982)0.00241 (120.00457,30.00987)0.00241 (120.00466,30.00991)0.00241 (120.00475,30.00996)0.00241 (120.00484,30.01000)0.00241 (120.00493,30.01005)0.00241 (120.00502,30.01009)0.00241 (120.00511,30.01014)0.00241 (119.99616,30.00576)0.00238 (119.99625,30.00581)0.00238 (119.99634,30.00585)0.00238 (119.99643,30.00590)0.00238 (119.99652,30.00594)0.00238 (119.99661,30.00599)0.00238 (119.99670,30.00603)0.00238 (119.99679,30.00608)0.00238 (119.99688,30.00612)0.00238 (119.99697,30.00617)0.00238
(120.00290,30.00914)0.00238 (120.00299,30.00918)0.00238 (120.00308,30.00923)0.00238 (120.00317,30.00927)0.00238 (120.00326,30.00932)0.00238 (120.00335,30.00936)0.00238 (120.00344,30.00941)0.00238 (120.00353,30.00945)0.00238 (120.00362,30.00950)0.00238 (120.00371,30.00954)0.00238 (120.00380,30.00959)0.00238 (120.00389,30.00963)0.00238 (120.00398,30.00968)0.00238 (120.00407,30.00972)0.00238 (120.00416,30.00977)0.00238 (120.00425,30.00981)0.00238 (120.00434,30.00986)0.00238 (120.00443,30.00990)0.00238 (120.00452,30.00995)0.00238 (120.00461,30.00999)0.00238 (120.00470,30.01004)0.00238 (120.00479,30.01008)0.00238 (120.00488,30.01013)0.00238 (120.00497,30.01017)0.00238 (120.00506,30.01022)0.00238 (119.99611,30.00584)0.00235 (119.99620,30.00589)0.00235 (119.99629,30.00593)0.00235 (119.99638,30.00598)0.00235 (119.99647,30.00602)0.00235 (119.99656,30.00607)0.00235 (119.99665,30.00611)0.00235 (119.99674,30.00616)0.00235 (119.99683,30.00620)0.00235 (119.99692,30.00625)0.00235
(120.00285,30.00921)0.00235 (120.00294,30.00926)0.00235 (120.00303,30.00930)0.00235 (120.00312,30.00935)0.00235 (120.00321,30.00939)0.00235 (120.00330,30.00944)0.00235 (120.00339,30.00948)0.00235 (120.00348,30.00953)0.00235 (120.00357,30.00957)0.00235 (120.00366,30.00962)0.00235 (120.00375,30.00966)0.00235 (120.00384,30.00971)0.00235 (120.00393,30.00975)0.00235 (120.00402,30.00980)0.00235 (120.00411,30.00984)0.00235 (120.00420,30.00989)0.00235 (120.00429,30.00993)0.00235 (120.00438,30.00998)0.00235 (120.00447,30.01002)0.00235 (120.00456,30.01007)0.00235 (120.00465,30.01011)0.00235 (120.00474,30.01016)0.00235 (120.00483,30.01020)0.00235 (120.00492,30.01025)0.00235 (120.00501,30.01029)0.00235 (119.99605,30.00592)0.00233 (119.99614,30.00596)0.00233 (119.99623,30.00601)0.00233 (119.99632,30.00605)0.00233 (119.99641,30.00610)0.00233 (119.99650,30.00614)0.00233 (119.99659,30.00619)0.00233 (119.99668,30.00623)0.00233 (119.99677,30.00628)0.00233 (119.99686,30.00632)0.00233
(120.00280,30.00929)0.00233 (120.00289,30.00934)0.00233 (120.00298,30.00938)0.00233 (120.00307,30.00943)0.00233 (120.00316,30.00947)0.00233 (120.00325,30.00952)0.00233 (120.00334,30.00956)0.00233 (120.00343,30.00961)0.00233 (120.00352,30.00965)0.00233 (120.00361,30.00970)0.00233 (120.00370,30.00974)0.00233 (120.00379,30.00979)0.00233 (120.00388,30.00983)0.00233 (120.00397,30.00988)0.00233 (120.00406,30.00992)0.00233 (120.00415,30.00997)0.00233 (120.00424,30.01001)0.00233 (120.00433,30.01006)0.00233 (120.00442,30.01010)0.00233 (120.00451,30.01015)0.00233 (120.00460,30.01019)0.00233 (120.00469,30.01024)0.00233 (120.00478,30.01028)0.00233 (120.00487,30.01033)0.00233 (120.00496,30.01037)0.00233 (119.99600,30.00600)0.00230 (119.99609,30.00604)0.00230 (119.99618,30.00609)0.00230 (119.99627,30.00613)0.00230 (119.99636,30.00618)0.00230 (119.99645,30.00622)0.00230 (119.99654,30.00627)0.00230 (119.99663,30.00631)0.00230 (119.99672,30.00636)0.00230 (119.99681,30.00640)0.00230
(120.00275,30.00937)0.00230 (120.00284,30.00941)0.00230 (120.00293,30.00946)0.00230 (120.00302,30.00950)0.00230 (120.00311,30.00955)0.00230 (120.00320,30.00959)0.00230 (120.00329,30.00964)0.00230 (120.00338,30.00968)0.00230 (120.00347,30.00973)0.00230 (120.00356,30.00977)0.00230 (120.00365,30.00982)0.00230 (120.00374,30.00986)0.00230 (120.00383,30.00991)0.00230 (120.00392,30.00995)0.00230 (120.00401,30.01000)0.00230 (120.00410,30.01004)0.00230 (120.00419,30.01009)0.00230 (120.00428,30.01013)0.00230 (120.00437,30.01018)0.00230 (120.00446,30.01022)0.00230 (120.00455,30.01027)0.00230 (120.00464,30.01031)0.00230 (120.00473,30.01036)0.00230 (120.00482,30.01040)0.00230 (120.00491,30.01045)0.00230 (119.99595,30.00607)0.00227 (119.99604,30.00612)0.00227 (119.99613,30.00616)0.00227 (119.99622,30.00621)0.00227 (119.99631,30.00625)0.00227 (119.99640,30.00630)0.00227 (119.99649,30.00634)0.00227 (119.99658,30.00639)0.00227 (119.99667,30.00643)0.00227 (119.99676,30.00648)0.00227
(120.00269,30.00945)0.00227 (120.00278,30.00949)0.00227 (120.00287,30.00954)0.00227 (120.00296,30.00958)0.00227 (120.00305,30.00963)0.00227 (120.00314,30.00967)0.00227 (120.00323,30.00972)0.00227 (120.00332,30.00976)0.00227 (120.00341,30.00981)0.00227 (120.00350,30.00985)0.00227 (120.00359,30.00990)0.00227 (120.00368,30.00994)0.00227 (120.00377,30.00999)0.00227 (120.00386,30.01003)0.00227 (120.00395,30.01008)0.00227 (120.00404,30.01012)0.00227 (120.00413,30.01017)0.00227 (120.00422,30.01021)0.00227 (120.00431,30.01026)0.00227 (120.00440,30.01030)0.00227 (120.00449,30.01035)0.00227 (120.00458,30.01039)0.00227 (120.00467,30.01044)0.00227 (120.00476,30.01048)0.00227 (120.00485,30.01053)0.00227 (119.99590,30.00615)0.00225 (119.99599,30.00620)0.00225 (119.99608,30.00624)0.00225 (119.99617,30.00629)0.00225 (119.99626,30.00633)0.00225 (119.99635,30.00638)0.00225 (119.99644,30.00642)0.00225 (119.99653,30.00647)0.00225 (119.99662,30.00651)0.00225 (119.99671,30.00656)0.00225
