燃气扩散模型/燃气扩散模型/bin/Debug/gasConcentration2DArray.txt
ncols              100
nrows             100
xllcorner        120
yllcorner        30
[rows 0 to 15 of 100, columns 0 to 34 of 100]
insidePressure: 400000 Pa outsidePressure: 101325 Pa temparature: 300 K leakDiameter: 0.04 m time: 1200 s windSpeed: 4 m/s windDirection: 60 degree 生成时间： 2014/7/25 星期五 16:04:31 (120.00000,30.00000)99999.9 (120.00009,30.00004)99999.9 (120.00018,30.00009)99999.9 (120.00027,30.00013)99999.9 (120.00036,30.00018)99999.9 (120.00045,30.00022)99999.9 (120.00054,30.00027)99999.9 (120.00063,30.00031)99999.9 (120.00072,30.00036)99999.9 (120.00081,30.00040)99999.9
(120.00674,30.00337)99999.9 (120.00683,30.00342)99999.9 (120.00692,30.00346)99999.9 (120.00701,30.00351)99999.9 (120.00710,30.00355)99999.9 (120.00719,30.00360)99999.9 (120.00728,30.00364)99999.9 (120.00737,30.00369)99999.9 (120.00746,30.00373)99999.9 (120.00755,30.00378)99999.9 (120.00764,30.00382)99999.9 (120.00773,30.00387)99999.9 (120.00782,30.00391)99999.9 (120.00791,30.00396)99999.9 (120.00800,30.00400)99999.9 (120.00809,30.00405)99999.9 (120.00818,30.00409)99999.9 (120.00827,30.00414)99999.9 (120.00836,30.00418)99999.9 (120.00845,30.00423)99999.9 (120.00854,30.00427)99999.9 (120.00863,30.00432)99999.9 (120.00872,30.00436)99999.9 (120.00881,30.00441)99999.9 (120.00890,30.00445)99999.9 (119.99995,30.00008)0.15516 (120.00004,30.00012)0.15516 (120.00013,30.00017)0.15516 (120.00022,30.00021)0.15516 (120.00031,30.00026)0.15516 (120.00040,30.00030)0.15516 (120.00049,30.00035)0.15516 (120.00058,30.00039)0.15516 (120.00067,30.00044)0.15516 (120.00076,30.00048)0.15516
(120.00669,30.00345)0.15516 (120.00678,30.00350)0.15516 (120.00687,30.00354)0.15516 (120.00696,30.00359)0.15516 (120.00705,30.00363)0.15516 (120.00714,30.00368)0.15516 (120.00723,30.00372)0.15516 (120.00732,30.00377)0.15516 (120.00741,30.00381)0.15516 (120.00750,30.00386)0.15516 (120.00759,30.00390)0.15516 (120.00768,30.00394)0.15516 (120.00777,30.00399)0.15516 (120.00786,30.00403)0.15516 (120.00795,30.00408)0.15516 (120.00804,30.00412)0.15516 (120.00813,30.00417)0.15516 (120.00822,30.00421)0.15516 (120.00831,30.00426)0.15516 (120.00840,30.00430)0.15516 (120.00849,30.00435)0.15516 (120.00858,30.00439)0.15516 (120.00867,30.00444)0.15516 (120.00876,30.00448)0.15516 (120.00885,30.00453)0.15516 (119.99990,30.00016)0.07773 (119.99999,30.00020)0.07773 (120.00008,30.00025)0.07773 (120.00017,30.00029)0.07773 (120.00026,30.00034)0.07773 (120.00035,30.00038)0.07773 (120.00044,30.00043)0.07773 (120.00053,30.00047)0.07773 (120.00062,30.00052)0.07773 (120.00071,30.00056)0.07773
(120.00664,30.00353)0.07773 (120.00673,30.00357)0.07773 (120.00682,30.00362)0.07773 (120.00691,30.00366)0.07773 (120.00700,30.00371)0.07773 (120.00709,30.00375)0.07773 (120.00718,30.00380)0.07773 (120.00727,30.00384)0.07773 (120.00736,30.00389)0.07773 (120.00745,30.00393)0.07773 (120.00754,30.00398)0.07773 (120.00763,30.00402)0.07773 (120.00772,30.00407)0.07773 (120.00781,30.00411)0.07773 (120.00790,30.00416)0.07773 (120.00799,30.00420)0.07773 (120.00808,30.00425)0.07773 (120.00817,30.00429)0.07773 (120.00826,30.00434)0.07773 (120.00835,30.00438)0.07773 (120.00844,30.00443)0.07773 (120.00853,30.00447)0.07773 (120.00862,30.00452)0.07773 (120.00871,30.00456)0.07773 (120.00880,30.00461)0.07773 (119.99984,30.00023)0.05192 (119.99993,30.00028)0.05192 (120.00002,30.00032)0.05192 (120.00011,30.00037)0.05192 (120.00020,30.00041)0.05192 (120.00029,30.00046)0.05192 (120.00038,30.00050)0.05192 (120.00047,30.00055)0.05192 (120.00056,30.00059)0.05192 (120.00065,30.00064)0.05192
(120.00659,30.00361)0.05192 (120.00668,30.00365)0.05192 (120.00677,30.00370)0.05192 (120.00686,30.00374)0.05192 (120.00695,30.00379)0.05192 (120.00704,30.00383)0.05192 (120.00713,30.00388)0.05192 (120.00722,30.00392)0.05192 (120.00731,30.00397)0.05192 (120.00740,30.00401)0.05192 (120.00749,30.00406)0.05192 (120.00758,30.00410)0.05192 (120.00767,30.00415)0.05192 (120.00776,30.00419)0.05192 (120.00785,30.00424)0.05192 (120.00794,30.00428)0.05192 (120.00803,30.00433)0.05192 (120.00812,30.00437)0.05192 (120.00821,30.00442)0.05192 (120.00830,30.00446)0.05192 (120.00839,30.00451)0.05192 (120.00848,30.00455)0.05192 (120.00857,30.00460)0.05192 (120.00866,30.00464)0.05192 (120.00875,30.00469)0.05192 (119.99979,30.00031)0.03902 (119.99988,30.00036)0.03902 (119.99997,30.00040)0.03902 (120.00006,30.00045)0.03902 (120.00015,30.00049)0.03902 (120.00024,30.00054)0.03902 (120.00033,30.00058)0.03902 (120.00042,30.00063)0.03902 (120.00051,30.00067)0.03902 (120.00060,30.00072)0.03902
(120.00654,30.00368)0.03902 (120.00663,30.00373)0.03902 (120.00672,30.00377)0.03902 (120.00681,30.00382)0.03902 (120.00690,30.00386)0.03902 (120.00699,30.00391)0.03902 (120.00708,30.00395)0.03902 (120.00717,30.00400)0.03902 (120.00726,30.00404)0.03902 (120.00735,30.00409)0.03902 (120.00744,30.00413)0.03902 (120.00753,30.00418)0.03902 (120.00762,30.00422)0.03902 (120.00771,30.00427)0.03902 (120.00780,30.00431)0.03902 (120.00789,30.00436)0.03902 (120.00798,30.00440)0.03902 (120.00807,30.00445)0.03902 (120.00816,30.00449)0.03902 (120.00825,30.00454)0.03902 (120.00834,30.00458)0.03902 (120.00843,30.00463)0.03902 (120.00852,30.00467)0.03902 (120.00861,30.00472)0.03902 (120.00870,30.00476)0.03902 (119.99974,30.00039)0.03128 (119.99983,30.00043)0.03128 (119.99992,30.00048)0.03128 (120.00001,30.00052)0.03128 (120.00010,30.00057)0.03128 (120.00019,30.00061)0.03128 (120.00028,30.00066)0.03128 (120.00037,30.00070)0.03128 (120.00046,30.00075)0.03128 (120.00055,30.00079)0.03128
(120.00649,30.00376)0.03128 (120.00658,30.00381)0.03128 (120.00667,30.00385)0.03128 (120.00676,30.00390)0.03128 (120.00685,30.00394)0.03128 (120.00693,30.00399)0.03128 (120.00702,30.00403)0.03128 (120.00711,30.00408)0.03128 (120.00720,30.00412)0.03128 (120.00729,30.00417)0.03128 (120.00738,30.00421)0.03128 (120.00747,30.00426)0.03128 (120.00756,30.00430)0.03128 (120.00765,30.00435)0.03128 (120.00774,30.00439)0.03128 (120.00783,30.00444)0.03128 (120.00792,30.00448)0.03128 (120.00801,30.00453)0.03128 (120.00810,30.00457)0.03128 (120.00819,30.00462)0.03128 (120.00828,30.00466)0.03128 (120.00837,30.00471)0.03128 (120.00846,30.00475)0.03128 (120.00855,30.00480)0.03128 (120.00864,30.00484)0.03128 (119.99969,30.00047)0.02612 (119.99978,30.00051)0.02612 (119.99987,30.00056)0.02612 (119.99996,30.00060)0.02612 (120.00005,30.00065)0.02612 (120.00014,30.00069)0.02612 (120.00023,30.00074)0.02612 (120.00032,30.00078)0.02612 (120.00041,30.00083)0.02612 (120.00050,30.00087)0.02612
(120.00643,30.00384)0.02612 (120.00652,30.00388)0.02612 (120.00661,30.00393)0.02612 (120.00670,30.00397)0.02612 (120.00679,30.00402)0.02612 (120.00688,30.00406)0.02612 (120.00697,30.00411)0.02612 (120.00706,30.00415)0.02612 (120.00715,30.00420)0.02612 (120.00724,30.00424)0.02612 (120.00733,30.00429)0.02612 (120.00742,30.00433)0.02612 (120.00751,30.00438)0.02612 (120.00760,30.00442)0.02612 (120.00769,30.00447)0.02612 (120.00778,30.00451)0.02612 (120.00787,30.00456)0.02612 (120.00796,30.00460)0.02612 (120.00805,30.00465)0.02612 (120.00814,30.00469)0.02612 (120.00823,30.00474)0.02612 (120.00832,30.00478)0.02612 (120.00841,30.00483)0.02612 (120.00850,30.00487)0.02612 (120.00859,30.00492)0.02612 (119.99964,30.00055)0.02243 (119.99973,30.00059)0.02243 (119.99982,30.00064)0.02243 (119.99991,30.00068)0.02243 (120.00000,30.00073)0.02243 (120.00009,30.00077)0.02243 (120.00018,30.00081)0.02243 (120.00027,30.00086)0.02243 (120.00036,30.00090)0.02243 (120.00045,30.00095)0.02243
(120.00638,30.00392)0.02243 (120.00647,30.00396)0.02243 (120.00656,30.00401)0.02243 (120.00665,30.00405)0.02243 (120.00674,30.00410)0.02243 (120.00683,30.00414)0.02243 (120.00692,30.00419)0.02243 (120.00701,30.00423)0.02243 (120.00710,30.00428)0.02243 (120.00719,30.00432)0.02243 (120.00728,30.00437)0.02243 (120.00737,30.00441)0.02243 (120.00746,30.00446)0.02243 (120.00755,30.00450)0.02243 (120.00764,30.00455)0.02243 (120.00773,30.00459)0.02243 (120.00782,30.00464)0.02243 (120.00791,30.00468)0.02243 (120.00800,30.00473)0.02243 (120.00809,30.00477)0.02243 (120.00818,30.00482)0.02243 (120.00827,30.00486)0.02243 (120.00836,30.00491)0.02243 (120.00845,30.00495)0.02243 (120.00854,30.00500)0.02243 (119.99958,30.00062)0.01966 (119.99967,30.00067)0.01966 (119.99976,30.00071)0.01966 (119.99985,30.00076)0.01966 (119.99994,30.00080)0.01966 (120.00003,30.00085)0.01966 (120.00012,30.00089)0.01966 (120.00021,30.00094)0.01966 (120.00030,30.00098)0.01966 (120.00039,30.00103)0.01966
(120.00633,30.00400)0.01966 (120.00642,30.00404)0.01966 (120.00651,30.00409)0.01966 (120.00660,30.00413)0.01966 (120.00669,30.00418)0.01966 (120.00678,30.00422)0.01966 (120.00687,30.00427)0.01966 (120.00696,30.00431)0.01966 (120.00705,30.00436)0.01966 (120.00714,30.00440)0.01966 (120.00723,30.00445)0.01966 (120.00732,30.00449)0.01966 (120.00741,30.00454)0.01966 (120.00750,30.00458)0.01966 (120.00759,30.00463)0.01966 (120.00768,30.00467)0.01966 (120.00777,30.00471)0.01966 (120.00786,30.00476)0.01966 (120.00795,30.00480)0.01966 (120.00804,30.00485)0.01966 (120.00813,30.00489)0.01966 (120.00822,30.00494)0.01966 (120.00831,30.00498)0.01966 (120.00840,30.00503)0.01966 (120.00849,30.00507)0.01966 (119.99953,30.00070)0.01751 (119.99962,30.00075)0.01751 (119.99971,30.00079)0.01751 (119.99980,30.00084)0.01751 (119.99989,30.00088)0.01751 (119.99998,30.00093)0.01751 (120.00007,30.00097)0.01751 (120.00016,30.00102)0.01751 (120.00025,30.00106)0.01751 (120.00034,30.00111)0.01751
(120.00628,30.00407)0.01751 (120.00637,30.00412)0.01751 (120.00646,30.00416)0.01751 (120.00655,30.00421)0.01751 (120.00664,30.00425)0.01751 (120.00673,30.00430)0.01751 (120.00682,30.00434)0.01751 (120.00691,30.00439)0.01751 (120.00700,30.00443)0.01751 (120.00709,30.00448)0.01751 (120.00718,30.00452)0.01751 (120.00727,30.00457)0.01751 (120.00736,30.00461)0.01751 (120.00745,30.00466)0.01751 (120.00754,30.00470)0.01751 (120.00763,30.00475)0.01751 (120.00772,30.00479)0.01751 (120.00781,30.00484)0.01751 (120.00790,30.00488)0.01751 (120.00799,30.00493)0.01751 (120.00808,30.00497)0.01751 (120.00817,30.00502)0.01751 (120.00826,30.00506)0.01751 (120.00835,30.00511)0.01751 (120.00844,30.00515)0.01751 (119.99948,30.00078)0.01579 (119.99957,30.00082)0.01579 (119.99966,30.00087)0.01579 (119.99975,30.00091)0.01579 (119.99984,30.00096)0.01579 (119.99993,30.00100)0.01579 (120.00002,30.00105)0.01579 (120.00011,30.00109)0.01579 (120.00020,30.00114)0.01579 (120.00029,30.00118)0.01579
(120.00623,30.00415)0.01579 (120.00632,30.00420)0.01579 (120.00641,30.00424)0.01579 (120.00650,30.00429)0.01579 (120.00659,30.00433)0.01579 (120.00668,30.00438)0.01579 (120.00677,30.00442)0.01579 (120.00686,30.00447)0.01579 (120.00695,30.00451)0.01579 (120.00704,30.00456)0.01579 (120.00713,30.00460)0.01579 (120.00721,30.00465)0.01579 (120.00730,30.00469)0.01579 (120.00739,30.00474)0.01579 (120.00748,30.00478)0.01579 (120.00757,30.00483)0.01579 (120.00766,30.00487)0.01579 (120.00775,30.00492)0.01579 (120.00784,30.00496)0.01579 (120.00793,30.00501)0.01579 (120.00802,30.00505)0.01579 (120.00811,30.00510)0.01579 (120.00820,30.00514)0.01579 (120.00829,30.00519)0.01579 (120.00838,30.00523)0.01579 (119.99943,30.00086)0.01438 (119.99952,30.00090)0.01438 (119.99961,30.00095)0.01438 (119.99970,30.00099)0.01438 (119.99979,30.00104)0.01438 (119.99988,30.00108)0.01438 (119.99997,30.00113)0.01438 (120.00006,30.00117)0.01438 (120.00015,30.00122)0.01438 (120.00024,30.00126)0.01438
(120.00617,30.00423)0.01438 (120.00626,30.00427)0.01438 (120.00635,30.00432)0.01438 (120.00644,30.00436)0.01438 (120.00653,30.00441)0.01438 (120.00662,30.00445)0.01438 (120.00671,30.00450)0.01438 (120.00680,30.00454)0.01438 (120.00689,30.00459)0.01438 (120.00698,30.00463)0.01438 (120.00707,30.00468)0.01438 (120.00716,30.00472)0.01438 (120.00725,30.00477)0.01438 (120.00734,30.00481)0.01438 (120.00743,30.00486)0.01438 (120.00752,30.00490)0.01438 (120.00761,30.00495)0.01438 (120.00770,30.00499)0.01438 (120.00779,30.00504)0.01438 (120.00788,30.00508)0.01438 (120.00797,30.00513)0.01438 (120.00806,30.00517)0.01438 (120.00815,30.00522)0.01438 (120.00824,30.00526)0.01438 (120.00833,30.00531)0.01438 (119.99938,30.00093)0.01321 (119.99947,30.00098)0.01321 (119.99956,30.00102)0.01321 (119.99965,30.00107)0.01321 (119.99974,30.00111)0.01321 (119.99983,30.00116)0.01321 (119.99992,30.00120)0.01321 (120.00001,30.00125)0.01321 (120.00010,30.00129)0.01321 (120.00019,30.00134)0.01321
(120.00612,30.00431)0.01321 (120.00621,30.00435)0.01321 (120.00630,30.00440)0.01321 (120.00639,30.00444)0.01321 (120.00648,30.00449)0.01321 (120.00657,30.00453)0.01321 (120.00666,30.00458)0.01321 (120.00675,30.00462)0.01321 (120.00684,30.00467)0.01321 (120.00693,30.00471)0.01321 (120.00702,30.00476)0.01321 (120.00711,30.00480)0.01321 (120.00720,30.00485)0.01321 (120.00729,30.00489)0.01321 (120.00738,30.00494)0.01321 (120.00747,30.00498)0.01321 (120.00756,30.00503)0.01321 (120.00765,30.00507)0.01321 (120.00774,30.00512)0.01321 (120.00783,30.00516)0.01321 (120.00792,30.00521)0.01321 (120.00801,30.00525)0.01321 (120.00810,30.00530)0.01321 (120.00819,30.00534)0.01321 (120.00828,30.00539)0.01321 (119.99933,30.00101)0.01222 (119.99941,30.00106)0.01222 (119.99950,30.00110)0.01222 (119.99959,30.00115)0.01222 (119.99968,30.00119)0.01222 (119.99977,30.00124)0.01222 (119.99986,30.00128)0.01222 (119.99995,30.00133)0.01222 (120.00004,30.00137)0.01222 (120.00013,30.00142)0.01222
(120.00607,30.00438)0.01222 (120.00616,30.00443)0.01222 (120.00625,30.00447)0.01222 (120.00634,30.00452)0.01222 (120.00643,30.00456)0.01222 (120.00652,30.00461)0.01222 (120.00661,30.00465)0.01222 (120.00670,30.00470)0.01222 (120.00679,30.00474)0.01222 (120.00688,30.00479)0.01222 (120.00697,30.00483)0.01222 (120.00706,30.00488)0.01222 (120.00715,30.00492)0.01222 (120.00724,30.00497)0.01222 (120.00733,30.00501)0.01222 (120.00742,30.00506)0.01222 (120.00751,30.00510)0.01222 (120.00760,30.00515)0.01222 (120.00769,30.00519)0.01222 (120.00778,30.00524)0.01222 (120.00787,30.00528)0.01222 (120.00796,30.00533)0.01222 (120.00805,30.00537)0.01222 (120.00814,30.00542)0.01222 (120.00823,30.00546)0.01222 (119.99927,30.00109)0.01137 (119.99936,30.00114)0.01137 (119.99945,30.00118)0.01137 (119.99954,30.00123)0.01137 (119.99963,30.00127)0.01137 (119.99972,30.00132)0.01137 (119.99981,30.00136)0.01137 (119.99990,30.00141)0.01137 (119.99999,30.00145)0.01137 (120.00008,30.00150)0.01137
(120.00602,30.00446)0.01137 (120.00611,30.00451)0.01137 (120.00620,30.00455)0.01137 (120.00629,30.00460)0.01137 (120.00638,30.00464)0.01137 (120.00647,30.00469)0.01137 (120.00656,30.00473)0.01137 (120.00665,30.00478)0.01137 (120.00674,30.00482)0.01137 (120.00683,30.00487)0.01137 (120.00692,30.00491)0.01137 (120.00701,30.00496)0.01137 (120.00710,30.00500)0.01137 (120.00719,30.00505)0.01137 (120.00728,30.00509)0.01137 (120.00737,30.00514)0.01137 (120.00746,30.00518)0.01137 (120.00755,30.00523)0.01137 (120.00764,30.00527)0.01137 (120.00773,30.00532)0.01137 (120.00782,30.00536)0.01137 (120.00791,30.00541)0.01137 (120.00800,30.00545)0.01137 (120.00809,30.00550)0.01137 (120.00818,30.00554)0.01137 (119.99922,30.00117)0.01063 (119.99931,30.00121)0.01063 (119.99940,30.00126)0.01063 (119.99949,30.00130)0.01063 (119.99958,30.00135)0.01063 (119.99967,30.00139)0.01063 (119.99976,30.00144)0.01063 (119.99985,30.00148)0.01063 (119.99994,30.00153)0.01063 (120.00003,30.00157)0.01063
